1
100001
1405
6
201710
Collier
1406
4
201720
Lanthier
1805
8
201720
Hinek
2401
9
201810
Laurendeau
2402
3
201820
Morin
2404
5
201830
Laurendeau
2406
-1
201820
Nel
2804
2
201820
Smid
3004
5
201910
Laurendeau
3005
6
201930
Nel
0
1
100002
1405
-1
201710
Collier
1406
5
201720
Lanthier
1805
2
201720
Hinek
2401
1
201810
Laurendeau
2402
4
201820
Morin
2404
-1
201830
Laurendeau
2406
0
201820
Nel
2804
3
201820
Smid
3004
2
201910
Laurendeau
3005
6
201930
Nel
0
1
100003
1405
3
201710
Collier
1406
4
201720
Lanthier
1805
8
201720
Hinek
2401
3
201810
Laurendeau
2402
5
201820
Morin
2404
0
201830
Laurendeau
2406
5
201820
Nel
2804
5
201820
Smid
3004
6
201910
Laurendeau
3005
0
201930
Nel
0
1
100004
1405
8
201710
Collier
1406
9
201720
Lanthier
1805
11
201720
Hinek
2401
10
201810
Laurendeau
2402
-1
201820
Morin
2404
8
201830
Laurendeau
2406
11
201820
Nel
2804
8
201820
Smid
3004
9
201910
Laurendeau
3005
-1
201930
Nel
0
1
100005
1405
8
201710
Collier
1406
9
201720
Lanthier
1805
-1
201720
Hinek
2401
7
201810
Laurendeau
2402
3
201820
Morin
2404
5
201830
Laurendeau
2406
8
201820
Nel
2804
7
201820
Smid
3004
0
201910
Laurendeau
3005
7
201930
Nel
0
1
100006
1405
8
201710
Collier
1406
6
201720
Lanthier
1805
-1
201720
Hinek
2401
8
201810
Laurendeau
2402
9
201820
Morin
2404
4
201830
Laurendeau
2406
5
201820
Nel
2804
8
201820
Smid
3004
0
201910
Laurendeau
3005
9
201930
Nel
0
1
100007
1405
0
201710
Collier
1406
5
201720
Lanthier
1805
0
201720
Hinek
2401
4
201810
Laurendeau
2402
3
201820
Morin
2404
5
201830
Laurendeau
2406
3
201820
Nel
2804
-1
201820
Smid
3004
0
201910
Laurendeau
3005
3
201930
Nel
0
1
100008
1405
0
201710
Collier
1406
4
201720
Lanthier
1805
-1
201720
Hinek
2401
4
201810
Laurendeau
2402
5
201820
Morin
2404
0
201830
Laurendeau
2406
6
201820
Nel
2804
5
201820
Smid
3004
0
201910
Laurendeau
3005
0
201930
Nel
0
1
100009
1405
9
201710
Collier
1406
11
201720
Lanthier
1805
5
201720
Hinek
2401
-1
201810
Laurendeau
2402
6
201820
Morin
2404
4
201830
Laurendeau
2406
-1
201820
Nel
2804
6
201820
Smid
3004
7
201910
Laurendeau
3005
7
201930
Nel
0
1
100010
1405
8
201710
Collier
1406
0
201720
Lanthier
1805
8
201720
Hinek
2401
7
201810
Laurendeau
2402
7
201820
Morin
2404
-1
201830
Laurendeau
2406
9
201820
Nel
2804
9
201820
Smid
3004
8
201910
Laurendeau
3005
8
201930
Nel
0
1
100011
1405
7
201710
Collier
1406
8
201720
Lanthier
1805
9
201720
Hinek
2401
5
201810
Laurendeau
2402
7
201820
Morin
2404
2
201830
Laurendeau
2406
1
201820
Nel
2804
0
201820
Smid
3004
4
201910
Laurendeau
3005
9
201930
Nel
0


1
100012
1405
8
201710
Collier
1406
4
201720
Lanthier
1805
3
201720
Hinek
2401
3
201810
Laurendeau
2402
4
201820
Morin
2404
6
201830
Laurendeau
2406
7
201820
Nel
2804
4
201820
Smid
3004
6
201910
Laurendeau
3005
6
201930
Nel
0
1
100013
1405
9
201710
Collier
1406
8
201720
Lanthier
1805
4
201720
Hinek
2401
0
201810
Laurendeau
2402
4
201820
Morin
2404
0
201830
Laurendeau
2406
8
201820
Nel
2804
7
201820
Smid
3004
4
201910
Laurendeau
3005
6
201930
Nel
0
1
100014
1405
6
201710
Collier
1406
7
201720
Lanthier
1805
8
201720
Hinek
2401
4
201810
Laurendeau
2402
0
201820
Morin
2404
8
201830
Laurendeau
2406
7
201820
Nel
2804
5
201820
Smid
3004
7
201910
Laurendeau
3005
-1
201930
Nel
0
1
100015
1405
3
201710
Collier
1406
4
201720
Lanthier
1805
4
201720
Hinek
2401
3
201810
Laurendeau
2402
4
201820
Morin
2404
0
201830
Laurendeau
2406
-1
201820
Nel
2804
3
201820
Smid
3004
2
201910
Laurendeau
3005
4
201930
Nel
0
0
0